16738719
1050105
16447616
223720
15970243
317167
16237788
73473
16402041
734849
16690084
211628
16699004
1288810
16700451
100507
16764843
68783
16767456
94868
16586533
383507
16776613
290971
16664965
323704
16433205
568205
16239054
8678
15454272
357019
16536442
52152
16617062
428888
16768208
114928
16320576
336017
15590730
588860
16269999
160553
16771748
328745
16727061
115474
16772562
52769
16138113
41599
16661455
5684
16775070
1487640
16395410
96461
16260727
946318
16776558
543781
16459918
820770
